P               v        c11s        c22s        c33s       c12s       c13s       c23s       c44s       c55s       c66s      c24s      c15s       B_vrh      G_vrh       v_s       v_p
0.0   176.712175  214.036355  214.034141   90.107849  74.861837  16.332492  16.332559  14.828102  14.828131  69.611041  1.050097  1.049251   72.309027  37.285715  6.845479  3.784011
0.2   176.213931  215.758991  215.756980   94.369077  76.226504  17.701413  17.701469  14.991442  14.991470  69.859610  1.003578  1.002837   74.463513  37.628806  6.908560  3.796008
0.4   175.728043  217.374526  217.372703   98.508726  77.494663  19.074762  19.074810  15.130395  15.130423  70.097954  0.960114  0.959465   76.545818  37.936642  6.967701  3.806251
0.6   175.254041  218.887215  218.885567  102.531415  78.670110  20.452197  20.452236  15.245968  15.245995  70.326501  0.919554  0.918988   78.558705  38.210634  7.023081  3.814816
0.8   174.791326  220.302410  220.300923  106.443018  79.757526  21.833238  21.833270  15.339457  15.339483  70.545842  0.881671  0.881177   80.506106  38.452813  7.074988  3.821824
1.0   174.339133  221.626879  221.625543  110.251014  80.762772  23.217247  23.217273  15.412520  15.412546  70.756759  0.846149  0.845720   82.393313  38.665918  7.123826  3.827445
1.2   173.897140  222.863583  222.862386  113.958592  81.688534  24.604016  24.604037  15.465843  15.465868  70.959523  0.812905  0.812533   84.222036  38.850813  7.169692  3.831718
1.4   173.464864  224.016850  224.015782  117.570485  82.538640  25.993183  25.993200  15.500461  15.500484  71.154591  0.781771  0.781450   85.995274  39.009039  7.212794  3.834732
1.6   173.041675  225.092308  225.091360  121.092860  83.318022  27.384246  27.384260  15.517733  15.517756  71.342577  0.752511  0.752237   87.717121  39.142709  7.253428  3.836612
1.8   172.627331  226.092163  226.091326  124.528102  84.028704  28.777070  28.777081  15.518165  15.518186  71.523675  0.725072  0.724837   89.388784  39.252422  7.291657  3.837383
2.0   172.221449  227.019871  227.019137  127.879976  84.673770  30.171385  30.171393  15.502574  15.502594  71.698231  0.699331  0.699132   91.012523  39.339330  7.327629  3.837107
2.2   171.823542  227.879821  227.879183  131.153270  85.257112  31.566827  31.566833  15.472006  15.472024  71.866702  0.675123  0.674957   92.591327  39.404967  7.361548  3.835869
2.4   171.433356  228.674293  228.673743  134.350460  85.780797  32.963245  32.963249  15.426989  15.427006  72.029298  0.652384  0.652245   94.126539  39.450004  7.393491  3.833701
2.6   171.050615  229.405798  229.405330  137.474282  86.247093  34.360465  34.360467  15.368109  15.368124  72.186257  0.631035  0.630921   95.619684  39.475205  7.423550  3.830641
2.8   170.674962  230.077541  230.077150  140.528223  86.658874  35.758244  35.758245  15.296120  15.296133  72.337894  0.610969  0.610877   97.072809  39.481611  7.451856  3.826742
3.0   170.306091  230.692293  230.691973  143.515298  87.018631  37.156382  37.156383  15.211670  15.211682  72.484478  0.592098  0.592025   98.487639  39.470090  7.478515  3.822048
3.2   169.943824  231.251664  231.251410  146.437265  87.327840  38.554789  38.554789  15.115128  15.115138  72.626150  0.574380  0.574324   99.865047  39.441070  7.503574  3.816577
3.4   169.587912  231.757888  231.757694  149.296556  87.588521  39.953314  39.953314  15.007013  15.007021  72.763119  0.557748  0.557707  101.206364  39.395213  7.527109  3.810359
3.6   169.238025  232.213959  232.213822  152.096429  87.803372  41.351741  41.351741  14.888026  14.888032  72.895673  0.542107  0.542080  102.513461  39.333464  7.549238  3.803443
3.8   168.894019  232.621164  232.621079  154.838289  87.973571  42.750005  42.750004  14.758458  14.758462  73.023924  0.527427  0.527411  103.786996  39.256140  7.569993  3.795840
4.0   168.555710  232.981158  232.981121  157.523945  88.100630  44.148008  44.148008  14.618691  14.618693  73.148020  0.513661  0.513654  105.027890  39.163692  7.589424  3.787568
4.2   168.222889  233.295826  233.295834  160.155454  88.186262  45.545633  45.545633  14.469160  14.469160  73.268134  0.500757  0.500758  106.237226  39.056656  7.607592  3.778651
4.4   167.895288  233.567587  233.567636  162.735447  88.232655  46.942717  46.942717  14.310427  14.310424  73.384492  0.488642  0.488650  107.416458  38.935756  7.624584  3.769124
4.6   167.572822  233.797206  233.797293  165.264770  88.240522  48.339237  48.339238  14.142661  14.142655  73.497155  0.477301  0.477315  108.565889  38.801131  7.640410  3.758988
4.8   167.255325  233.986152  233.986274  167.745029  88.211204  49.735112  49.735114  13.966198  13.966191  73.606254  0.466696  0.466715  109.686311  38.653168  7.655113  3.748257
5.0   166.942624  234.136010  234.136164  170.177956  88.146146  51.130250  51.130253  13.781404  13.781394  73.711932  0.456783  0.456806  110.778598  38.492294  7.668741  3.736950
5.2   166.634505  234.248685  234.248869  172.565629  88.047083  52.524534  52.524537  13.588717  13.588705  73.814361  0.447509  0.447535  111.843848  38.319050  7.681355  3.725089
5.4   166.330898  234.324796  234.325007  174.908733  87.914588  53.917951  53.917955  13.388274  13.388259  73.913591  0.438863  0.438891  112.882258  38.133526  7.692962  3.712674
5.6   166.031671  234.365540  234.365776  177.208582  87.749759  55.310440  55.310445  13.180347  13.180330  74.009727  0.430812  0.430842  113.894431  37.936017  7.703594  3.699714
5.8   165.736686  234.372138  234.372396  179.466511  87.553712  56.701940  56.701946  12.965216  12.965195  74.102876  0.423327  0.423358  114.880987  37.726821  7.713283  3.686219
6.0   165.445747  234.346356  234.346635  181.684453  87.328060  58.092347  58.092354  12.743284  12.743261  74.193197  0.416358  0.416390  115.842938  37.506432  7.722082  3.672210
6.2   165.158808  234.288594  234.288891  183.862852  87.073177  59.481663  59.481671  12.514640  12.514615  74.280719  0.409901  0.409932  116.780313  37.274863  7.729992  3.657681
6.4   164.875759  234.199834  234.200148  186.002788  86.789964  60.869843  60.869853  12.279506  12.279478  74.365529  0.403928  0.403960  117.693557  37.032334  7.737035  3.642637
6.6   164.596489  234.081059  234.081388  188.105338  86.479322  62.256845  62.256856  12.038104  12.038073  74.447711  0.398418  0.398449  118.583118  36.779062  7.743234  3.627082
6.8   164.320845  233.933644  233.933987  190.172013  86.142511  63.642597  63.642608  11.790749  11.790714  74.527385  0.393333  0.393364  119.449748  36.515407  7.748627  3.611031
7.0   164.048755  233.758233  233.758588  192.203518  85.780124  65.027079  65.027092  11.537583  11.537546  74.604607  0.388660  0.388689  120.293631  36.241464  7.753223  3.594482
7.2   163.780144  233.555468  233.555833  194.200561  85.392752  66.410273  66.410287  11.278752  11.278711  74.679429  0.384383  0.384411  121.114952  35.957330  7.757030  3.577432
