               v        c11s        c22s        c33s        c12s        c13s        c23s       c44s       c55s        c66s      bm_VRH      G_VRH       v_p       v_s
0.0   882.732241  161.407197   86.982389   82.366800   40.362857    9.304713  -16.698771  58.528699  49.395957   54.454185   38.702454  50.086808  5.794909  3.994058
0.5   878.044748  167.571394   95.420402   94.735129   44.884239   15.380246   -9.084540  60.426741  51.707800   56.381859   46.490719  52.593588  6.079690  4.082368
1.0   873.496792  173.565084  103.502481  106.527362   49.271697   21.234725   -1.777921  62.229441  53.887389   58.240745   53.885481  54.538820  6.317295  4.146113
1.5   869.079470  179.398376  111.250860  117.779805   53.533119   26.881610    5.240086  63.942915  55.943265   60.035126   60.929812  56.344880  6.532133  4.203443
2.0   864.786169  185.078871  118.682160  128.519572   57.674438   32.330992   11.983700  65.571720  57.881791   61.768208   67.649491  58.029897  6.727160  4.255266
2.5   860.609971  190.614507  125.813748  138.775002   61.701850   37.593410   18.467778  67.120623  59.709620   63.443339   74.071936  59.603785  6.905073  4.302126
3.0   856.544605  196.012510  132.661405  148.571835   65.620994   42.678447   24.705824  68.593950  61.432791   65.063560   80.220971  61.087828  7.068783  4.345066
3.5   852.584966  201.278818  139.238034  157.931096   69.436506   47.593957   30.708886  69.995231  63.056225   66.631362   86.113083  62.484949  7.219402  4.384275
4.0   848.724877  206.420554  145.559184  166.878151   73.153945   52.349386   36.490274  71.328728  64.585872   68.149743   91.770886  63.808884  7.359250  4.420454
4.5   844.960453  211.442298  151.634739  175.429087   76.776889   56.950768   42.058461  72.597138  66.025488   69.620612   97.205044  65.061502  7.488887  4.453713
5.0   841.286615  216.349959  157.477539  183.604834   80.309949   61.405920   47.424446  73.803972  67.379973   71.046445  102.432111  66.249641  7.609665  4.484413
5.5   837.699294  221.148314  163.097915  191.422211   83.756858   65.721142   52.597085  74.952051  68.653256   72.429236  107.464107  67.377550  7.722430  4.512777
6.0   834.194985  225.841511  168.504798  198.895757   87.120854   69.901893   57.584039  76.043810  69.848730   73.770710  112.310529  68.448033  7.827746  4.538950
6.5   830.769204  230.434796  173.709556  206.043988   90.406034   73.955102   62.395050  77.082353  70.970723   75.073062  116.984911  69.465797  7.926582  4.563180
7.0   827.419318  234.931331  178.718942  212.877879   93.614868   77.884910   67.035920  78.069514  72.021788   76.337595  121.493502  70.432560  8.019231  4.585549
7.5   824.141964  239.335099  183.541530  219.411383   96.750468   81.696561   71.514008  79.007629  73.005178   77.565966  125.845355  71.351150  8.106240  4.606200
8.0   820.933756  243.650113  188.185955  225.658552   99.815970   85.395332   75.836721  79.899050  73.924170   78.759842  130.049616  72.224429  8.188162  4.625278
8.5   817.792451  247.879084  192.657985  231.628751  102.813490   88.984768   80.009019  80.745340  74.780937   79.920338  134.111396  73.053893  8.265231  4.642851
9.0   814.715107  252.025518  196.965141  237.334215  105.745772   92.469476   84.037362  81.548544  75.578328   81.048908  138.038196  73.841821  8.337862  4.659029
9.5   811.699109  256.092552  201.114126  242.785837  108.615264   95.853565   87.927506  82.310484  76.318876   82.146846  141.836469  74.590171  8.406397  4.673906
10.0  808.742516  260.082546  205.109944  247.991742  111.423813   99.140117   91.683760  83.032512  77.004464   83.215120  145.510509  75.300238  8.471024  4.687537
10.5  805.842815  263.998520  208.959046  252.962409  114.173779  102.333089   95.311666  83.716379  77.637527   84.254977  149.066386  75.973851  8.532052  4.700007
11.0  802.997858  267.843070  212.666951  257.706806  116.867193  105.435875   98.815972  84.363581  78.220145   85.267483  152.509081  76.612523  8.589722  4.711385
11.5  800.206004  271.618210  216.237908  262.231823  119.505630  108.451097  102.200338  84.975265  78.753912   86.253462  155.842092  77.217329  8.644176  4.721713
12.0  797.465150  275.326488  219.677332  266.546250  122.091083  111.382085  105.469420  85.552896  79.240866   87.213958  159.070238  77.789729  8.695641  4.731057
12.5  794.773393  278.970217  222.990126  270.658049  124.625360  114.231858  108.627441  86.097801  79.682851   88.149922  162.197783  78.331024  8.744311  4.739472
13.0  792.129389  282.551062  226.179781  274.572877  127.109767  117.002577  111.677412  86.610920  80.081171   89.062028  165.227461  78.842075  8.790289  4.746991
13.5  789.531430  286.071112  229.250712  278.297892  129.545937  119.696965  114.623134  87.093444  80.437483   89.951130  168.162989  79.324023  8.833736  4.753661
14.0  786.977695  289.532588  232.207619  281.840723  131.935609  122.317917  117.468653  87.546643  80.753553   90.818137  171.008378  79.778096  8.874827  4.759533
14.5  784.467128  292.936814  235.053253  285.205822  134.279818  124.867146  120.216350  87.971256  81.030401   91.663583  173.765655  80.204951  8.913630  4.764631
15.0  781.998353  296.285490  237.791188  288.398980  136.579899  127.346860  122.869304  88.368244  81.269365   92.488158  176.437681  80.605482  8.950260  4.768989
15.5  779.569668  299.580700  240.425822  291.427330  138.837481  129.759774  125.431303  88.738794  81.472094   93.292713  179.028113  80.980817  8.984871  4.772652
16.0  777.180142  302.823619  242.959590  294.294812  141.053486  132.107404  127.904457  89.083558  81.639490   94.077721  181.538718  81.331534  9.017520  4.775640
16.5  774.828648  306.015649  245.395421  297.006165  143.229013  134.391567  130.291292  89.403321  81.772644   94.843747  183.971735  81.658346  9.048289  4.777980
17.0  772.513865  309.158429  247.736747  299.566951  145.365346  136.614389  132.594771  89.699007  81.872836   95.591456  186.329873  81.962108  9.077284  4.779702
17.5  770.234638  312.253396  249.986574  301.982035  147.463611  138.777734  134.817488  89.971423  81.941187   96.321431  188.615449  82.243556  9.104590  4.780835
18.0  767.990160  315.301573  252.147009  304.254823  149.524612  140.882918  136.961269  90.221131  81.978475   97.034079  190.829952  82.503184  9.130255  4.781393
18.5  765.779432  318.304215  254.220664  306.389541  151.549333  142.931564  139.028371  90.448830  81.985670   97.729906  192.975335  82.741619  9.154347  4.781398
19.0  763.601192  321.262886  256.210813  308.391490  153.538999  144.925703  141.021621  90.655401  81.963992   98.409546  195.054140  82.959670  9.176962  4.780881
19.5  761.454762  324.178457  258.119238  310.263548  155.494295  146.866449  142.942563  90.841317  81.914098   99.073343  197.067583  83.157744  9.198135  4.779854
20.0  759.339335  327.051948  259.948051  312.009125  157.416024  148.755121  144.793027  91.007142  81.836767   99.721708  199.017176  83.336339  9.217917  4.778332
20.5  757.254017  329.884487  261.699586  313.631995  159.305068  150.593173  146.575030  91.153499  81.732864  100.355092  200.904622  83.496011  9.236364  4.776334
21.0  755.197758  332.677390  263.376579  315.136589  161.162461  152.382306  148.290940  91.281122  81.603407  100.974025  202.731974  83.637419  9.253548  4.773884
21.5  753.170060  335.431302  264.980342  316.525016  162.988711  154.123347  149.941896  91.390357  81.448872  101.578761  204.500057  83.760854  9.269492  4.770987
22.0  751.170189  338.147162  266.512802  317.800387  164.784555  155.817501  151.529568  91.481717  81.269970  102.169674  206.210226  83.866762  9.284237  4.767660
22.5  749.197337  340.825990  267.976069  318.966115  166.550796  157.466084  153.055784  91.555765  81.067481  102.747172  207.863992  83.955642  9.297833  4.763916
23.0  747.250678  343.468833  269.372303  320.025690  168.288254  159.070446  154.522414  91.613079  80.842205  103.311674  209.462905  84.028003  9.310331  4.759774
23.5  745.329764  346.076277  270.702688  320.981013  169.997392  160.631332  155.930488  91.653969  80.594569  103.863410  211.007697  84.084101  9.321748  4.755239
24.0  743.433963  348.649132  271.968882  321.834765  171.678846  162.149784  157.281445  91.678876  80.325186  104.402700  212.499500  84.124316  9.332120  4.750322
24.5  741.562575  351.188290  273.172718  322.589901  173.333319  163.626948  158.576874  91.688288  80.034728  104.929900  213.939588  84.149073  9.341485  4.745037
25.0  739.714887  353.694661  274.316067  323.249444  174.961525  165.063995  159.818397  91.682703  79.723886  105.445372  215.329267  84.158806  9.349885  4.739397
