               v        c11s        c22s        c33s        c12s        c13s        c23s       c44s       c55s        c66s      bm_VRH      G_VRH       v_p       v_s
0.0   844.738166  210.990007  150.240628  174.312314   70.372591   50.183707   36.329296  74.837866  68.924253   72.170718   92.763397  67.677895  7.468484  4.541785
0.5   840.834211  216.279991  156.470440  183.031946   74.122173   54.903342   42.005112  76.144979  70.396318   73.710078   98.310106  68.968824  7.597737  4.574291
1.0   837.049083  221.417463  162.416060  191.302006   77.756727   59.442572   47.435320  77.377633  71.767922   75.191219  103.610722  70.183398  7.717246  4.603997
1.5   833.375958  226.410789  168.093961  199.148877   81.282576   63.811633   52.634049  78.540249  73.045102   76.617470  108.681798  71.326867  7.827948  4.631145
2.0   829.807166  231.269343  173.522651  206.602208   84.706804   68.022008   57.617165  79.637799  74.234652   77.992569  113.542613  72.405855  7.931033  4.656050
2.5   826.338177  235.998758  178.713099  213.679529   88.033665   72.080538   62.394087  80.673214  75.340564   79.318736  118.203003  73.423189  8.026936  4.678828
3.0   822.962574  240.606919  183.680804  220.405652   91.269115   75.996860   66.978111  81.650651  76.368516   80.599106  122.678296  74.383774  8.116507  4.699707
3.5   819.675595  245.099725  188.437280  226.798989   94.417611   79.778149   71.379121  82.573192  77.322705   81.836011  126.979219  75.290943  8.200278  4.718829
4.0   816.473269  249.482131  192.992145  232.874899   97.482891   83.430411   75.605379  83.443402  78.206628   83.031399  131.114311  76.147276  8.278630  4.736302
4.5   813.350171  253.760841  197.358517  238.654369  100.470018   86.961814   79.668144  84.264795  79.025078   84.187927  135.095978  76.956616  8.352192  4.752295
5.0   810.303260  257.939677  201.543762  244.149149  103.381877   90.376973   83.573751  85.039332  79.780719   85.307090  138.930433  77.720851  8.421214  4.766880
5.5   807.329099  262.022946  205.556205  249.372530  106.221717   93.681093   87.329357  85.769231  80.476572   86.390579  142.624927  78.442197  8.486008  4.780147
6.0   804.423182  266.016248  209.406754  254.341944  108.993767   96.880980   90.944327  86.457408  81.116610   87.440603  146.189347  79.123675  8.547036  4.792223
6.5   801.583369  269.922308  213.100595  259.065648  111.700080   99.979897   94.423130  87.105237  81.702697   88.458220  149.627789  79.766550  8.604438  4.803152
7.0   798.806794  273.744738  216.644678  263.554729  114.343382  102.982201   97.771744  87.714566  82.237347   89.444842  152.946131  80.372624  8.658453  4.813002
7.5   796.089783  277.488129  220.047895  267.823383  116.927138  105.893450  100.997811  88.287768  82.723788   90.402274  156.152129  80.944266  8.709415  4.821870
8.0   793.430559  281.154762  223.314563  271.878478  119.453068  108.716367  104.105051  88.825983  83.163565   91.331395  159.249134  81.482524  8.757435  4.829789
8.5   790.826841  284.747527  226.450205  275.728814  121.923350  111.454423  107.098222  89.330676  83.558669   92.233332  162.241658  81.988793  8.802683  4.836811
9.0   788.275735  288.270069  229.461838  279.385579  124.340736  114.112017  109.983358  89.803714  83.911637   93.109509  165.135597  82.464884  8.845394  4.843005
9.5   785.775448  291.724682  232.353807  282.855693  126.706955  116.691888  112.764207  90.246246  84.224027   93.960814  167.934390  82.911870  8.885687  4.848406
10.0  783.324289  295.113530  235.130213  286.145675  129.023639  119.196623  115.444302  90.659356  84.497307   94.788082  170.641244  83.330759  8.923671  4.853050
10.5  780.920105  298.439349  237.796274  289.263836  131.292852  121.629504  118.028139  91.044427  84.733355   95.592378  173.260383  83.722860  8.959501  4.856982
11.0  778.560840  301.704754  240.356975  292.218116  133.516567  123.993669  120.520011  91.402780  84.933962   96.374716  175.795819  84.089421  8.993324  4.860246
11.5  776.245362  304.911216  242.815059  295.012865  135.695893  126.290858  122.922290  91.735135  85.100100   97.135658  178.249579  84.431091  9.025196  4.862863
12.0  773.972093  308.060759  245.174350  297.654168  137.832357  128.523488  125.238275  92.042501  85.233139   97.875986  180.624650  84.748809  9.055218  4.864862
12.5  771.738988  311.155988  247.439806  300.149915  139.927923  130.694679  127.472236  92.326191  85.334857   98.596708  182.924987  85.043807  9.083532  4.866288
13.0  769.545010  314.198252  249.613941  302.504094  141.983609  132.806030  129.626347  92.586865  85.406145   99.298342  185.152451  85.316683  9.110191  4.867156
13.5  767.388991  317.189063  251.699582  304.721196  144.000556  134.859333  131.703052  92.825266  85.448008   99.981465  187.309172  85.568116  9.135260  4.867489
14.0  765.269589  320.130149  253.699979  306.806383  145.980068  136.856646  133.705156  93.042250  85.461604  100.646741  189.397638  85.798892  9.158818  4.867311
14.5  763.185088  323.023710  255.619294  308.766275  147.923804  138.800596  135.636248  93.238916  85.448421  101.295020  191.421101  86.010034  9.180976  4.866657
15.0  761.134884  325.870551  257.458989  310.603182  149.832370  140.692122  137.497597  93.415643  85.408968  101.926604  193.380557  86.201873  9.201755  4.865533
15.5  759.117903  328.672061  259.221658  312.321220  151.706817  142.532872  139.291446  93.573111  85.344165  102.542023  195.277946  86.375027  9.221213  4.863959
16.0  757.132983  331.429749  260.910120  313.924867  153.548281  144.324634  141.020231  93.712062  85.255012  103.141856  197.115395  86.530176  9.239416  4.861955
16.5  755.178799  334.145323  262.527586  315.419221  155.358052  146.069442  142.686724  93.833342  85.142654  103.726757  198.895348  86.668094  9.256441  4.859546
17.0  753.254833  336.819474  264.075301  316.806250  157.136651  147.768098  144.292008  93.937271  85.007520  104.296985  200.618645  86.789063  9.272305  4.856738
17.5  751.360198  339.453361  265.555413  318.089360  158.884953  149.421971  145.837942  94.024411  84.850369  104.852980  202.286865  86.893589  9.287054  4.853546
18.0  749.493951  342.048211  266.970202  319.272165  160.603884  151.032513  147.326498  94.095361  84.672006  105.395209  203.901691  86.982213  9.300736  4.849984
18.5  747.654914  344.605553  268.322526  320.359203  162.294596  152.601535  148.760146  94.150870  84.473446  105.924258  205.465267  87.055621  9.313417  4.846075
19.0  745.842703  347.125904  269.613303  321.351918  163.957482  154.129635  150.139686  94.191174  84.255002  106.440317  206.978187  87.114013  9.325106  4.841822
19.5  744.056581  349.610235  270.844315  322.253138  165.593271  155.617953  151.466663  94.216738  84.017301  106.943753  208.441737  87.157806  9.335841  4.837236
20.0  742.295809  352.059513  272.017347  323.065688  167.202697  157.067628  152.742623  94.228027  83.760968  107.434931  209.857203  87.187416  9.345654  4.832329
20.5  740.559324  354.475122  273.134975  323.793654  168.786802  158.480298  153.969793  94.225717  83.486917  107.914381  211.226495  87.203458  9.354602  4.827118
21.0  738.846764  356.857553  274.198068  324.438405  170.345956  159.856528  155.148932  94.210030  83.195443  108.382281  212.550178  87.206122  9.362696  4.821607
21.5  737.157560  359.207558  275.207993  325.002107  171.880727  161.197196  156.281226  94.181321  82.887023  108.838915  213.829211  87.195720  9.369961  4.815805
22.0  735.491098  361.525950  276.166237  325.487113  173.391728  162.503256  157.367966  94.139978  82.562178  109.284588  215.064645  87.172596  9.376422  4.809720
22.5  733.846613  363.813731  277.074648  325.896348  174.879717  163.775887  158.410750  94.086481  82.221555  109.719679  216.257814  87.137183  9.382118  4.803364
23.0  732.223481  366.071726  277.934728  326.232192  176.345314  165.016054  159.410885  94.021221  81.865681  110.144499  217.409782  87.089827  9.387074  4.796745
23.5  730.621380  368.300374  278.747254  326.495870  177.788851  166.224261  160.369046  93.944398  81.494819  110.559208  218.521048  87.030697  9.391301  4.789868
24.0  729.039792  370.500360  279.513468  326.689348  179.210845  167.401309  161.286314  93.856334  81.109403  110.964063  219.592475  86.960074  9.394821  4.782739
24.5  727.478204  372.672370  280.234613  326.814591  180.611813  168.547996  162.163767  93.757349  80.709864  111.359320  220.624924  86.878243  9.397654  4.775365
25.0  725.935858  374.817398  280.912515  326.874490  181.992504  169.665491  163.002988  93.647921  80.296842  111.745355  221.619707  86.785629  9.399836  4.767757
